Start training at epoch=0...
Model training ...
batch number, batch loss, batch ade, batch mse, runtime in s
0, 0.2668989896774292, 8.017288631415493, 78.71143314268909, 4.213072776794434
1, 0.17529313266277313, 6.263883539215374, 51.828449625942525, 1.1134610176086426
2, 0.2085205465555191, 7.0889565542382424, 61.641086442481495, 1.235584020614624
3, 0.2526535987854004, 8.091621082037689, 75.44386060143165, 1.2236511707305908
4, 0.23538589477539062, 7.517873762997595, 70.35955463181261, 1.1444909572601318
5, 0.21635767817497253, 7.081639864396937, 64.59667163989269, 1.0282549858093262
6, 0.2094898521900177, 7.129978828448088, 62.30784005231426, 1.0531151294708252
7, 0.2478262037038803, 8.230170481414872, 74.10550625619992, 1.0329790115356445
8, 0.248489648103714, 8.09174847061995, 73.99724979242755, 1.0295178890228271
9, 0.2486068606376648, 7.745530643507927, 74.16957658827346, 1.020185947418213
10, 0.24039334058761597, 7.782014377348265, 71.67881496675118, 0.9965529441833496
11, 0.25129207968711853, 8.303708965290404, 74.507971848852, 1.0422279834747314
12, 0.2505252957344055, 7.850866267823195, 74.22532392981867, 1.264768123626709
13, 0.2438708245754242, 8.073357854934459, 72.84718545061352, 0.9772131443023682
14, 0.20628102123737335, 6.983198199795451, 61.09383729953567, 1.068004846572876
15, 0.22739316523075104, 7.424234229269196, 66.64041931421912, 0.9495091438293457
16, 0.25639984011650085, 8.073794985504225, 75.63724822646572, 1.2513189315795898
17, 0.2207888960838318, 7.529739585800439, 64.22512747489932, 0.9077248573303223
18, 0.20866332948207855, 7.098576691886846, 61.35852772087948, 1.1303982734680176
19, 0.20185638964176178, 7.049670890371829, 59.03495934050277, 1.6740808486938477
20, 0.18153919279575348, 7.0630248433301395, 52.37129349801039, 1.8226540088653564
21, 0.17913688719272614, 6.890926163197164, 51.09943258598145, 2.8734588623046875
22, 0.14932066202163696, 6.674737034364467, 42.07999175147722, 2.757093906402588
23, 0.16090314090251923, 6.580573351283293, 45.288789128846176, 1.8746271133422852
24, 0.15527914464473724, 6.826773513818368, 43.861372882320694, 2.4768691062927246
25, 0.15707586705684662, 6.98367168693095, 43.733496496765, 2.644174814224243
26, 0.1893673539161682, 7.8188953083396635, 52.58170959661065, 1.9331042766571045
27, 0.15567143261432648, 6.523010583803186, 39.91347457193405, 1.3616960048675537
28, 0.13384737074375153, 6.189933243279492, 35.70370137711178, 1.1663188934326172
29, 0.13512320816516876, 6.075336045208079, 36.91275815857315, 1.4776291847229004
30, 0.14834146201610565, 6.356206348074713, 40.72108400119074, 1.205631971359253
31, 0.14238247275352478, 6.177353771891251, 38.849808810286525, 2.2167558670043945
32, 0.1274876743555069, 5.947486379572561, 35.413364332370676, 2.068654775619507
33, 0.1484714150428772, 6.458681434524282, 41.86370777649702, 2.4074082374572754
34, 0.13250835239887238, 5.700714865181238, 36.24584835458146, 1.7946219444274902
35, 0.1553771048784256, 6.286858290043265, 42.42730468224018, 1.3603630065917969
36, 0.12681443989276886, 5.784688716725277, 33.31673866480787, 1.6127407550811768
37, 0.14204712212085724, 6.1191390428803265, 37.92166368127336, 1.4407873153686523
38, 0.15559791028499603, 6.330268080992324, 41.63561491281379, 1.51540207862854
39, 0.12408944964408875, 5.813610835665418, 33.331014332341056, 1.4992597103118896
40, 0.1241031140089035, 5.435077819339687, 32.34477803705681, 1.8521780967712402
41, 0.12285409867763519, 5.250921172351471, 30.174512892697198, 1.4969761371612549
42, 0.12495266646146774, 5.90168874456536, 33.22222378773588, 1.5423798561096191
43, 0.12545770406723022, 5.871827883294295, 32.899075991421704, 1.431015968322754
44, 0.10936278849840164, 5.366728031601559, 28.790969782492667, 1.3633050918579102
45, 0.09063924849033356, 4.972064288527827, 23.596470382250487, 1.7064359188079834
46, 0.08251187205314636, 4.558778529211425, 21.191802102092037, 1.355830192565918
47, 0.1012086346745491, 4.920343798597711, 25.478203064239597, 1.3230388164520264
48, 0.08938700705766678, 4.3560345064152415, 22.239415028286814, 1.3569931983947754
49, 0.0917421504855156, 4.583826813303906, 23.282805553746456, 1.378077745437622
50, 0.09118248522281647, 4.840490064438968, 23.220235254472463, 1.7416431903839111
51, 0.06557492166757584, 3.9878628660956634, 15.17740721991904, 1.097564935684204
52, 0.0801951140165329, 4.290359125116219, 18.512355003653244, 0.8517899513244629
53, 0.0725121796131134, 4.1360238249841, 16.070227001065405, 0.9348359107971191
54, 0.0708363726735115, 3.9194924154129938, 15.267893049304536, 0.9623241424560547
55, 0.06734420359134674, 3.8550135054254557, 14.196900728356187, 0.993480920791626
56, 0.06125368922948837, 3.6892678689742326, 13.025006700357036, 1.1620070934295654
57, 0.05520939826965332, 3.4339782629673063, 11.70350162329074, 1.422382116317749
58, 0.05887405574321747, 3.606140498552584, 13.395399549078375, 1.1146447658538818
59, 0.05837492272257805, 3.7480738717177715, 13.694258327990944, 0.9675998687744141
60, 0.05737689882516861, 3.777850634206935, 13.111778186783749, 1.2479712963104248
61, 0.04379507154226303, 3.114412187364475, 9.529704198886657, 1.385225772857666
62, 0.04728560522198677, 3.3645215982710557, 10.377558668093817, 1.7669639587402344
63, 0.04699432849884033, 2.9994466578323857, 9.627452721300271, 1.3638672828674316
64, 0.047326620668172836, 3.189125410797028, 10.461810893082502, 1.4682669639587402
65, 0.04118245467543602, 2.9707543393056532, 8.472396159367793, 1.0558180809020996
66, 0.04529878869652748, 3.028900291745181, 8.959830226687997, 1.138624906539917
67, 0.036299873143434525, 2.842411156050521, 7.616641983686726, 0.9372570514678955
68, 0.032028187066316605, 2.7288081934147943, 6.643341168409794, 1.3384528160095215
69, 0.036220721900463104, 2.9248066023202615, 7.7542644886790875, 1.3862779140472412
70, 0.03803011402487755, 2.8711270508993314, 8.088755314027255, 1.4296131134033203
71, 0.03074319288134575, 2.6859530103981757, 6.496620833362565, 1.334285020828247
72, 0.028842102736234665, 2.5115862276779417, 6.200175886865573, 1.3414018154144287
73, 0.02914896048605442, 2.5659948608420557, 6.326059179365021, 1.3383800983428955
74, 0.029188483953475952, 2.4488249634163153, 5.854376937896717, 1.3419849872589111
75, 0.025033431127667427, 2.2455371758474394, 4.806986203262964, 1.214738130569458
76, 0.03360868617892265, 2.5868394945248943, 6.317629046542933, 1.296433925628662
77, 0.02210731990635395, 2.0441749305844366, 4.001460258248681, 1.107882022857666
78, 0.023981798440217972, 2.2033289410845867, 4.838627052543213, 0.8831140995025635
79, 0.02656126394867897, 2.3040157350670674, 5.522345024701323, 0.8741879463195801
80, 0.02642219141125679, 2.2797612642730276, 5.490133065303276, 0.9910547733306885
81, 0.02492176741361618, 2.04315925871159, 4.725829549219075, 0.9599354267120361
82, 0.026455510407686234, 2.160853613356265, 4.8654303230016955, 0.9183597564697266
83, 0.02623925544321537, 2.341023955247665, 5.488027848390965, 0.8755109310150146
84, 0.019200455397367477, 1.8977277485991968, 3.6792788556877274, 0.8289952278137207
85, 0.023834364488720894, 2.014629727951723, 4.472950289111768, 0.8527219295501709
86, 0.023339923471212387, 2.0806181888598316, 4.511105578241111, 1.1034338474273682
87, 0.02441353350877762, 2.0937137759434075, 4.434555848743575, 0.8324301242828369
88, 0.026590431109070778, 2.1565978026934323, 4.958251698512814, 0.9131109714508057
89, 0.01882251910865307, 1.9372049074262438, 3.7366994754690785, 0.8222649097442627
90, 0.024140486493706703, 2.3093619940834076, 4.838311438739145, 1.1007132530212402
91, 0.02074473351240158, 2.1517564347462503, 4.312032906583536, 1.0433149337768555
92, 0.021116431802511215, 1.9753742644754957, 4.0965963065814535, 1.2283809185028076
93, 0.022145550698041916, 2.0333252442963987, 4.366366212099539, 1.1200308799743652
94, 0.021205490455031395, 1.9389650189273504, 3.9259962860207978, 1.3244211673736572
95, 0.019991546869277954, 1.8744809861304794, 3.6836222628780204, 0.90755295753479
96, 0.021061325445771217, 1.7832865417676393, 3.3484757933101306, 1.0112369060516357
97, 0.019880514591932297, 1.7354340850123204, 3.3812701058608363, 1.2845780849456787
98, 0.019632229581475258, 1.7372274435551351, 3.51265880650002, 1.2367548942565918
99, 0.017793213948607445, 1.7890262286384817, 3.255131992234638, 1.3091740608215332
100, 0.013133825734257698, 1.4176838632361217, 2.3289253733275226, 1.164806842803955
Training average metrics: loss, ade, mse
0.10438697040081024, 4.632805635107898, 28.312729895734208
Total samples in epoch: 12928
Total runtime in mins: 2.2666566292444865
Epoch 0 took 2.267951512336731 min
Saving model...
Model saved!
Testing average metrics: loss, ade, mse
0.017663581296801567, 1.6523531299757315, 3.044239561995775
Start training at epoch=1...
Loading weights to continue training
Model training ...
batch number, batch loss, batch ade, batch mse, runtime in s
0, 0.02119157835841179, 1.8909528876864221, 3.9241114006381084, 5.740700006484985
1, 0.014629836194217205, 1.5669386611261498, 2.6195676129976784, 1.337968111038208
2, 0.014872212894260883, 1.5442400461687105, 2.5356670456492343, 3.1097090244293213
3, 0.016290385276079178, 1.5957039333263654, 2.743993061427359, 2.5856587886810303
4, 0.011943873018026352, 1.3450135725420147, 1.964081133264421, 2.5288400650024414
5, 0.01824919693171978, 1.6616926749392662, 3.3276229532538957, 1.8227200508117676
6, 0.016300037503242493, 1.6099741601051287, 2.912687314063461, 2.1848559379577637
7, 0.020216187462210655, 1.775618266297551, 3.5108316790270124, 1.264526128768921
8, 0.020927559584379196, 1.8266510923801371, 3.6329252313362663, 1.0281610488891602
9, 0.01491579320281744, 1.5029159482305872, 2.4509823682980887, 0.878248929977417
10, 0.01423910353332758, 1.447079854195826, 2.375670943292261, 1.2123918533325195
11, 0.017451781779527664, 1.6253806177585173, 3.013495558646884, 1.0171010494232178
12, 0.014385086484253407, 1.3850672491763065, 2.3766087320547715, 1.0544240474700928
13, 0.01672324910759926, 1.4942296044590386, 2.5941125646783356, 1.2900080680847168
14, 0.01675923354923725, 1.5932721483428711, 2.8428046011240387, 1.3675060272216797
15, 0.01593008078634739, 1.50190693980497, 2.6264719172291455, 1.2522709369659424
16, 0.01813937909901142, 1.5884743512149262, 2.95200128434822, 1.3235669136047363
17, 0.016700543463230133, 1.5377596853294349, 2.844830750196946, 1.105741262435913
18, 0.01555671263486147, 1.5350771413546385, 2.7760560479270877, 1.1219477653503418
19, 0.01640941947698593, 1.6360499117168796, 2.939353869809067, 1.087482213973999
20, 0.01637965999543667, 1.6318408273188707, 2.954268308369074, 1.1445658206939697
21, 0.021639907732605934, 1.8510486252849279, 3.744445876787881, 1.2176778316497803
22, 0.01460149884223938, 1.4262976528817346, 2.4695856117996366, 1.255345344543457
23, 0.022204719483852386, 2.0841921121314906, 4.472514191760172, 1.804208755493164
24, 0.01958121918141842, 1.8514802000820614, 3.673189407734214, 1.4878909587860107
25, 0.015255211852490902, 1.4953648216333493, 2.420728887645413, 1.2518770694732666
26, 0.019871683791279793, 1.9013519144754052, 3.6816974607532247, 1.475080966949463
27, 0.01618002913892269, 1.6617810351485418, 2.8673617642712195, 1.3904521465301514
28, 0.013380344957113266, 1.3663390510008782, 2.127543647778483, 1.430250883102417
29, 0.018555110320448875, 1.9274614426770995, 3.6505698344272193, 1.6500401496887207
30, 0.014626000076532364, 1.516531692687165, 2.5112425396713753, 1.4128260612487793
31, 0.014340718276798725, 1.3928350209090938, 2.3477415764580867, 1.3928887844085693
32, 0.016477152705192566, 1.6392789360027566, 2.9287198968740906, 1.2099299430847168
33, 0.016501164063811302, 1.6314393694896148, 2.866603806918769, 1.21683931350708
34, 0.015605242922902107, 1.444277710207618, 2.540669305857557, 1.1978068351745605
35, 0.016422055661678314, 1.4874898779632941, 2.7344529191318685, 1.1654200553894043
36, 0.016332004219293594, 1.4842035956795363, 2.54337822454384, 1.0394937992095947
37, 0.017542904242873192, 1.5472057990341408, 2.8116250843847794, 1.1952171325683594
38, 0.019882798194885254, 1.7974472856521984, 3.411368144370317, 1.1773571968078613
39, 0.01710033230483532, 1.6560716828129187, 2.951731270845598, 1.1470057964324951
40, 0.01623925007879734, 1.4876962097051671, 2.811773333320309, 1.1237399578094482
41, 0.01661691442131996, 1.6011085538838161, 2.8456132872689013, 1.1108880043029785
42, 0.016713518649339676, 1.7145006069621989, 3.006090578675355, 1.2411000728607178
43, 0.016856899484992027, 1.5500010424707789, 2.916345510408474, 1.827239990234375
44, 0.013410312123596668, 1.4064048029298446, 2.2764495816517547, 1.0180261135101318
45, 0.017539506778120995, 1.6495663190992285, 3.0104417674651702, 1.0077109336853027
46, 0.015340191312134266, 1.5467944177302444, 2.608274157124176, 0.9326388835906982
47, 0.014851482585072517, 1.3954490303653175, 2.341928054701471, 1.3014791011810303
48, 0.014296532608568668, 1.3610456167881508, 2.2746580037960644, 1.2745449542999268
49, 0.014253218658268452, 1.4446869177967292, 2.2200556071183506, 1.219693899154663
50, 0.018567562103271484, 1.686449016245613, 3.178940797216499, 1.2377479076385498
51, 0.014557121321558952, 1.3985470570842744, 2.2858013110260513, 1.315312147140503
52, 0.014929722063243389, 1.3799506791191187, 2.389789098145215, 2.5400431156158447
53, 0.014125481247901917, 1.3725845100470169, 2.166614662707258, 1.5736041069030762
54, 0.01492958702147007, 1.3649555748897324, 2.2510177477153905, 1.3850808143615723
55, 0.014817094430327415, 1.4497626139539563, 2.2946765950512065, 1.3323791027069092
56, 0.014454432763159275, 1.4358816810839266, 2.3470359594776093, 1.3546719551086426
57, 0.01628246158361435, 1.4723101753590977, 2.7440117321606956, 1.3791940212249756
58, 0.015706485137343407, 1.4445337686782795, 2.4731925679368194, 1.7780499458312988
59, 0.013759925030171871, 1.3354546419183495, 2.150943544181016, 1.7778961658477783
60, 0.013659666292369366, 1.3563340328484736, 2.1579558835808443, 1.9398529529571533
61, 0.013774742372334003, 1.3309886045880035, 2.157917323827819, 1.763124942779541
62, 0.0158122219145298, 1.5480961242381581, 2.718621493189677, 2.63981294631958
63, 0.017217112705111504, 1.5008395691905219, 2.6801185742246685, 1.3891119956970215
64, 0.016835128888487816, 1.4914956384427143, 2.8098068140666035, 1.0030090808868408
65, 0.015255963429808617, 1.423691119284198, 2.3303610613239627, 0.8897428512573242
66, 0.016164686530828476, 1.4992397551380297, 2.640665044002872, 0.9682290554046631
67, 0.012084279209375381, 1.2596298765389697, 1.8945594655406028, 1.4426288604736328
68, 0.016007596626877785, 1.4650080688231575, 2.680297090720756, 1.4385709762573242
69, 0.01571824587881565, 1.499754146558366, 2.597472198482586, 1.1788511276245117
70, 0.01785249449312687, 1.5806939644650317, 2.9399579610756073, 1.3619651794433594
71, 0.01421133242547512, 1.4546262479141392, 2.43194346666932, 1.2944328784942627
72, 0.013917398639023304, 1.342258170991978, 2.2093052096178076, 1.374786138534546
73, 0.013364824466407299, 1.3309295711352136, 2.1992398082651627, 1.5314407348632812
74, 0.01522495225071907, 1.443585631949484, 2.4356571388658295, 1.9514410495758057
75, 0.014751853421330452, 1.426517042741525, 2.337830018778763, 1.5995700359344482
76, 0.015671730041503906, 1.483777147814234, 2.4433492231713787, 1.6021919250488281
77, 0.016935324296355247, 1.5142859050754662, 2.7754010150376835, 1.4698500633239746
78, 0.014630613848567009, 1.376957999923512, 2.2799514640200877, 1.6977028846740723
79, 0.01461429987102747, 1.5077494308212838, 2.409721324538459, 1.7265989780426025
80, 0.015584604814648628, 1.694623169689257, 2.8262606987312813, 1.6698050498962402
81, 0.015327518805861473, 1.459488390964247, 2.458724471767821, 1.3487260341644287
82, 0.014833501540124416, 1.3879497314819136, 2.2007296721035496, 1.3672821521759033
83, 0.016066772863268852, 1.7039261671688148, 2.9562335555180113, 1.458465814590454
84, 0.016856014728546143, 1.4751751251017509, 2.581219760433833, 1.407975196838379
85, 0.01770257204771042, 1.5219187003592725, 2.6815204546433593, 1.248227834701538
86, 0.015322884544730186, 1.4438810468168364, 2.4401549519299186, 1.5550520420074463
87, 0.018201960250735283, 1.624916124449729, 3.0781418455201996, 1.6692819595336914
88, 0.02032347582280636, 1.7979648558631869, 3.57730007676044, 1.4670169353485107
89, 0.015735160559415817, 1.6582397725157871, 2.9288475933854103, 1.1833150386810303
90, 0.016421159729361534, 1.5988065032291536, 2.6905954126958975, 1.7254729270935059
91, 0.015413804911077023, 1.6372182200332581, 2.872963491594551, 1.7963411808013916
92, 0.017306797206401825, 1.5769302194928618, 2.9603882559394163, 1.1807301044464111
93, 0.01647845096886158, 1.4650325035338636, 2.63495612099055, 1.2267019748687744
94, 0.01700609363615513, 1.6022975682081475, 2.774964524479561, 1.2486379146575928
95, 0.014082097448408604, 1.4052627168064449, 2.1920935763789333, 1.1596381664276123
96, 0.018093526363372803, 1.578635300784558, 2.821340099593239, 1.2173247337341309
97, 0.016036950051784515, 1.4428407916161285, 2.497130282550203, 1.3424181938171387
98, 0.014779954217374325, 1.3765167048499491, 2.328551818973025, 1.3426928520202637
99, 0.013181357644498348, 1.3057865205444092, 2.0542118357726635, 1.3374810218811035
100, 0.011171555146574974, 1.0922164983946256, 1.785375825093291, 1.7027781009674072
Training average metrics: loss, ade, mse
0.01606128178536892, 1.5311059932250095, 2.6904832042638467
Total samples in epoch: 12928
Total runtime in mins: 2.470422069231669
Epoch 1 took 2.472491733233134 min
Saving model...
Model saved!
